namespace Mel.VoxelGen {
public static class HilbertTables {
 
public static int[] XYZToHilbertIndex16 = new int[]{ 0, 
 1,  30,  29,  482,  481,  510,  511,  512,  515,  572,  575,  576,  583,  584,  585,  3, 
 2,  31,  28,  483,  480,  509,  508,  513,  514,  573,  574,  577,  582,  591,  590,  60, 
 61,  32,  35,  476,  479,  450,  451,  542,  543,  544,  545,  606,  601,  592,  593,  63, 
 62,  33,  34,  477,  478,  449,  448,  541,  540,  547,  546,  605,  602,  595,  594,  64, 
 65,  94,  93,  418,  417,  446,  447,  994,  995,  988,  989,  930,  933,  940,  941,  71, 
 70,  89,  90,  421,  422,  441,  440,  993,  992,  991,  990,  929,  934,  943,  942,  72, 
 79,  80,  83,  428,  431,  432,  439,  1022,  1021,  962,  961,  958,  953,  944,  945,  73, 
 78,  81,  82,  429,  430,  433,  438,  1023,  1020,  963,  960,  959,  952,  951,  950,  1974, 
 1969,  1966,  1965,  1618,  1617,  1614,  1609,  1024,  1027,  1084,  1087,  1088,  1095,  1096,  1097,  1973, 
 1970,  1961,  1962,  1621,  1622,  1613,  1610,  1031,  1028,  1083,  1080,  1091,  1092,  1099,  1098,  1930, 
 1933,  1942,  1941,  1642,  1641,  1650,  1653,  1032,  1035,  1076,  1079,  1148,  1147,  1140,  1141,  1929, 
 1934,  1937,  1938,  1645,  1646,  1649,  1654,  1033,  1034,  1077,  1078,  1151,  1144,  1143,  1142,  1910, 
 1909,  1866,  1865,  1718,  1717,  1674,  1673,  1270,  1269,  1226,  1225,  1152,  1159,  1160,  1161,  1905, 
 1906,  1869,  1870,  1713,  1714,  1677,  1678,  1265,  1266,  1229,  1230,  1153,  1158,  1167,  1166,  1902, 
 1897,  1878,  1873,  1710,  1705,  1686,  1681,  1262,  1257,  1238,  1233,  1182,  1177,  1168,  1169,  1901, 
 1898,  1877,  1874,  1709,  1706,  1685,  1682,  1261,  1258,  1237,  1234,  1181,  1178,  1171,  1170,  7, 
 6,  25,  26,  485,  486,  505,  504,  519,  516,  571,  568,  579,  580,  587,  586,  4, 
 5,  24,  27,  484,  487,  506,  507,  518,  517,  570,  569,  578,  581,  588,  589,  59, 
 58,  39,  36,  475,  472,  453,  452,  537,  536,  551,  550,  607,  600,  599,  598,  56, 
 57,  38,  37,  474,  473,  454,  455,  538,  539,  548,  549,  604,  603,  596,  597,  67, 
 66,  95,  92,  419,  416,  445,  444,  997,  996,  987,  986,  931,  932,  939,  938,  68, 
 69,  88,  91,  420,  423,  442,  443,  998,  999,  984,  985,  928,  935,  936,  937,  75, 
 76,  87,  84,  427,  424,  435,  436,  1017,  1018,  965,  966,  957,  954,  947,  946,  74, 
 77,  86,  85,  426,  425,  434,  437,  1016,  1019,  964,  967,  956,  955,  948,  949,  1975, 
 1968,  1967,  1964,  1619,  1616,  1615,  1608,  1025,  1026,  1085,  1086,  1089,  1094,  1103,  1102,  1972, 
 1971,  1960,  1963,  1620,  1623,  1612,  1611,  1030,  1029,  1082,  1081,  1090,  1093,  1100,  1101,  1931, 
 1932,  1943,  1940,  1643,  1640,  1651,  1652,  1039,  1036,  1075,  1072,  1149,  1146,  1139,  1138,  1928, 
 1935,  1936,  1939,  1644,  1647,  1648,  1655,  1038,  1037,  1074,  1073,  1150,  1145,  1136,  1137,  1911, 
 1908,  1867,  1864,  1719,  1716,  1675,  1672,  1271,  1268,  1227,  1224,  1155,  1156,  1163,  1162,  1904, 
 1907,  1868,  1871,  1712,  1715,  1676,  1679,  1264,  1267,  1228,  1231,  1154,  1157,  1164,  1165,  1903, 
 1896,  1879,  1872,  1711,  1704,  1687,  1680,  1263,  1256,  1239,  1232,  1183,  1176,  1175,  1174,  1900, 
 1899,  1876,  1875,  1708,  1707,  1684,  1683,  1260,  1259,  1236,  1235,  1180,  1179,  1172,  1173,  8, 
 15,  16,  19,  492,  495,  496,  503,  520,  523,  564,  567,  636,  635,  628,  629,  11, 
 12,  23,  20,  491,  488,  499,  500,  527,  524,  563,  560,  637,  634,  627,  626,  52, 
 51,  40,  43,  468,  471,  460,  459,  528,  535,  552,  559,  608,  615,  616,  617,  55, 
 48,  47,  44,  467,  464,  463,  456,  531,  532,  555,  556,  611,  612,  619,  618,  124, 
 125,  96,  99,  412,  415,  386,  387,  1004,  1003,  980,  979,  924,  923,  916,  917,  123, 
 122,  103,  100,  411,  408,  389,  388,  1007,  1000,  983,  976,  927,  920,  919,  918,  116, 
 115,  104,  107,  404,  407,  396,  395,  1008,  1011,  972,  975,  898,  901,  908,  909,  117, 
 114,  105,  106,  405,  406,  397,  394,  1015,  1012,  971,  968,  899,  900,  907,  906,  1976, 
 1977,  1958,  1957,  1626,  1625,  1606,  1607,  1054,  1055,  1056,  1057,  1118,  1113,  1104,  1105,  1979, 
 1978,  1959,  1956,  1627,  1624,  1605,  1604,  1049,  1048,  1063,  1062,  1119,  1112,  1111,  1110,  1924, 
 1925,  1944,  1947,  1636,  1639,  1658,  1659,  1040,  1047,  1064,  1071,  1120,  1127,  1128,  1129,  1927, 
 1926,  1945,  1946,  1637,  1638,  1657,  1656,  1041,  1046,  1065,  1070,  1121,  1126,  1135,  1134,  1912, 
 1915,  1860,  1863,  1720,  1723,  1668,  1671,  1272,  1275,  1220,  1223,  1212,  1211,  1204,  1205,  1913, 
 1914,  1861,  1862,  1721,  1722,  1669,  1670,  1273,  1274,  1221,  1222,  1213,  1210,  1203,  1202,  1894, 
 1895,  1880,  1881,  1702,  1703,  1688,  1689,  1254,  1255,  1240,  1241,  1184,  1191,  1192,  1193,  1893, 
 1892,  1883,  1882,  1701,  1700,  1691,  1690,  1253,  1252,  1243,  1242,  1187,  1188,  1195,  1194,  9, 
 14,  17,  18,  493,  494,  497,  502,  521,  522,  565,  566,  639,  632,  631,  630,  10, 
 13,  22,  21,  490,  489,  498,  501,  526,  525,  562,  561,  638,  633,  624,  625,  53, 
 50,  41,  42,  469,  470,  461,  458,  529,  534,  553,  558,  609,  614,  623,  622,  54, 
 49,  46,  45,  466,  465,  462,  457,  530,  533,  554,  557,  610,  613,  620,  621,  127, 
 126,  97,  98,  413,  414,  385,  384,  1005,  1002,  981,  978,  925,  922,  915,  914,  120, 
 121,  102,  101,  410,  409,  390,  391,  1006,  1001,  982,  977,  926,  921,  912,  913,  119, 
 112,  111,  108,  403,  400,  399,  392,  1009,  1010,  973,  974,  897,  902,  911,  910,  118, 
 113,  110,  109,  402,  401,  398,  393,  1014,  1013,  970,  969,  896,  903,  904,  905,  1983, 
 1982,  1953,  1954,  1629,  1630,  1601,  1600,  1053,  1052,  1059,  1058,  1117,  1114,  1107,  1106,  1980, 
 1981,  1952,  1955,  1628,  1631,  1602,  1603,  1050,  1051,  1060,  1061,  1116,  1115,  1108,  1109,  1923, 
 1922,  1951,  1948,  1635,  1632,  1661,  1660,  1043,  1044,  1067,  1068,  1123,  1124,  1131,  1130,  1920, 
 1921,  1950,  1949,  1634,  1633,  1662,  1663,  1042,  1045,  1066,  1069,  1122,  1125,  1132,  1133,  1919, 
 1916,  1859,  1856,  1727,  1724,  1667,  1664,  1279,  1276,  1219,  1216,  1215,  1208,  1207,  1206,  1918, 
 1917,  1858,  1857,  1726,  1725,  1666,  1665,  1278,  1277,  1218,  1217,  1214,  1209,  1200,  1201,  1889, 
 1888,  1887,  1886,  1697,  1696,  1695,  1694,  1249,  1248,  1247,  1246,  1185,  1190,  1199,  1198,  1890, 
 1891,  1884,  1885,  1698,  1699,  1692,  1693,  1250,  1251,  1244,  1245,  1186,  1189,  1196,  1197,  246, 
 247,  248,  255,  256,  263,  264,  265,  758,  757,  714,  713,  640,  647,  648,  649,  245, 
 244,  251,  252,  259,  260,  267,  266,  759,  756,  715,  712,  643,  644,  651,  650,  202, 
 203,  196,  195,  316,  315,  308,  309,  760,  763,  708,  711,  700,  699,  692,  693,  201, 
 200,  199,  192,  319,  312,  311,  310,  767,  764,  707,  704,  703,  696,  695,  694,  128, 
 131,  188,  191,  320,  323,  380,  383,  768,  771,  828,  831,  832,  839,  840,  841,  135, 
 132,  187,  184,  327,  324,  379,  376,  775,  772,  827,  824,  835,  836,  843,  842,  136, 
 139,  180,  183,  328,  331,  372,  375,  776,  779,  820,  823,  892,  891,  884,  885,  137, 
 138,  181,  182,  329,  330,  373,  374,  777,  778,  821,  822,  895,  888,  887,  886,  1984, 
 1985,  2014,  2013,  1570,  1569,  1598,  1599,  1506,  1507,  1500,  1501,  1442,  1445,  1452,  1453,  1991, 
 1990,  2009,  2010,  1573,  1574,  1593,  1592,  1509,  1508,  1499,  1498,  1443,  1444,  1451,  1450,  1992, 
 1999,  2000,  2003,  1580,  1583,  1584,  1591,  1516,  1515,  1492,  1491,  1436,  1435,  1428,  1429,  1993, 
 1998,  2001,  2002,  1581,  1582,  1585,  1590,  1517,  1514,  1493,  1490,  1437,  1434,  1427,  1426,  1846, 
 1847,  1848,  1855,  1728,  1735,  1736,  1737,  1280,  1283,  1340,  1343,  1344,  1351,  1352,  1353,  1841, 
 1840,  1849,  1854,  1729,  1734,  1743,  1742,  1281,  1282,  1341,  1342,  1345,  1350,  1359,  1358,  1838, 
 1839,  1830,  1825,  1758,  1753,  1744,  1745,  1310,  1311,  1312,  1313,  1374,  1369,  1360,  1361,  1837, 
 1836,  1829,  1826,  1757,  1754,  1747,  1746,  1309,  1308,  1315,  1314,  1373,  1370,  1363,  1362,  241, 
 240,  249,  254,  257,  262,  271,  270,  753,  754,  717,  718,  641,  646,  655,  654,  242, 
 243,  250,  253,  258,  261,  268,  269,  752,  755,  716,  719,  642,  645,  652,  653,  205, 
 204,  197,  194,  317,  314,  307,  306,  761,  762,  709,  710,  701,  698,  691,  690,  206, 
 207,  198,  193,  318,  313,  304,  305,  766,  765,  706,  705,  702,  697,  688,  689,  129, 
 130,  189,  190,  321,  322,  381,  382,  769,  770,  829,  830,  833,  838,  847,  846,  134, 
 133,  186,  185,  326,  325,  378,  377,  774,  773,  826,  825,  834,  837,  844,  845,  143, 
 140,  179,  176,  335,  332,  371,  368,  783,  780,  819,  816,  893,  890,  883,  882,  142, 
 141,  178,  177,  334,  333,  370,  369,  782,  781,  818,  817,  894,  889,  880,  881,  1987, 
 1986,  2015,  2012,  1571,  1568,  1597,  1596,  1505,  1504,  1503,  1502,  1441,  1446,  1455,  1454,  1988, 
 1989,  2008,  2011,  1572,  1575,  1594,  1595,  1510,  1511,  1496,  1497,  1440,  1447,  1448,  1449,  1995, 
 1996,  2007,  2004,  1579,  1576,  1587,  1588,  1519,  1512,  1495,  1488,  1439,  1432,  1431,  1430,  1994, 
 1997,  2006,  2005,  1578,  1577,  1586,  1589,  1518,  1513,  1494,  1489,  1438,  1433,  1424,  1425,  1845, 
 1844,  1851,  1852,  1731,  1732,  1739,  1738,  1287,  1284,  1339,  1336,  1347,  1348,  1355,  1354,  1842, 
 1843,  1850,  1853,  1730,  1733,  1740,  1741,  1286,  1285,  1338,  1337,  1346,  1349,  1356,  1357,  1833, 
 1832,  1831,  1824,  1759,  1752,  1751,  1750,  1305,  1304,  1319,  1318,  1375,  1368,  1367,  1366,  1834, 
 1835,  1828,  1827,  1756,  1755,  1748,  1749,  1306,  1307,  1316,  1317,  1372,  1371,  1364,  1365,  238, 
 239,  230,  225,  286,  281,  272,  273,  750,  745,  726,  721,  670,  665,  656,  657,  233, 
 232,  231,  224,  287,  280,  279,  278,  751,  744,  727,  720,  671,  664,  663,  662,  214, 
 215,  216,  223,  288,  295,  296,  297,  742,  743,  728,  729,  672,  679,  680,  681,  209, 
 208,  217,  222,  289,  294,  303,  302,  737,  736,  735,  734,  673,  678,  687,  686,  158, 
 159,  160,  161,  350,  351,  352,  353,  798,  799,  800,  801,  862,  857,  848,  849,  153, 
 152,  167,  166,  345,  344,  359,  358,  793,  792,  807,  806,  863,  856,  855,  854,  144, 
 151,  168,  175,  336,  343,  360,  367,  784,  791,  808,  815,  864,  871,  872,  873,  145, 
 150,  169,  174,  337,  342,  361,  366,  785,  790,  809,  814,  865,  870,  879,  878,  2044, 
 2045,  2016,  2019,  1564,  1567,  1538,  1539,  1534,  1533,  1474,  1473,  1470,  1465,  1456,  1457,  2043, 
 2042,  2023,  2020,  1563,  1560,  1541,  1540,  1529,  1530,  1477,  1478,  1469,  1466,  1459,  1458,  2036, 
 2035,  2024,  2027,  1556,  1559,  1548,  1547,  1520,  1523,  1484,  1487,  1410,  1413,  1420,  1421,  2037, 
 2034,  2025,  2026,  1557,  1558,  1549,  1546,  1521,  1522,  1485,  1486,  1409,  1414,  1423,  1422,  1802, 
 1803,  1796,  1795,  1788,  1787,  1780,  1781,  1288,  1291,  1332,  1335,  1404,  1403,  1396,  1397,  1805, 
 1804,  1797,  1794,  1789,  1786,  1779,  1778,  1295,  1292,  1331,  1328,  1405,  1402,  1395,  1394,  1814, 
 1815,  1816,  1823,  1760,  1767,  1768,  1769,  1296,  1303,  1320,  1327,  1376,  1383,  1384,  1385,  1813, 
 1812,  1819,  1820,  1763,  1764,  1771,  1770,  1299,  1300,  1323,  1324,  1379,  1380,  1387,  1386,  237, 
 236,  229,  226,  285,  282,  275,  274,  749,  746,  725,  722,  669,  666,  659,  658,  234, 
 235,  228,  227,  284,  283,  276,  277,  748,  747,  724,  723,  668,  667,  660,  661,  213, 
 212,  219,  220,  291,  292,  299,  298,  741,  740,  731,  730,  675,  676,  683,  682,  210, 
 211,  218,  221,  290,  293,  300,  301,  738,  739,  732,  733,  674,  677,  684,  685,  157, 
 156,  163,  162,  349,  348,  355,  354,  797,  796,  803,  802,  861,  858,  851,  850,  154, 
 155,  164,  165,  346,  347,  356,  357,  794,  795,  804,  805,  860,  859,  852,  853,  147, 
 148,  171,  172,  339,  340,  363,  364,  787,  788,  811,  812,  867,  868,  875,  874,  146, 
 149,  170,  173,  338,  341,  362,  365,  786,  789,  810,  813,  866,  869,  876,  877,  2047, 
 2046,  2017,  2018,  1565,  1566,  1537,  1536,  1535,  1532,  1475,  1472,  1471,  1464,  1463,  1462,  2040, 
 2041,  2022,  2021,  1562,  1561,  1542,  1543,  1528,  1531,  1476,  1479,  1468,  1467,  1460,  1461,  2039, 
 2032,  2031,  2028,  1555,  1552,  1551,  1544,  1527,  1524,  1483,  1480,  1411,  1412,  1419,  1418,  2038, 
 2033,  2030,  2029,  1554,  1553,  1550,  1545,  1526,  1525,  1482,  1481,  1408,  1415,  1416,  1417,  1801, 
 1800,  1799,  1792,  1791,  1784,  1783,  1782,  1289,  1290,  1333,  1334,  1407,  1400,  1399,  1398,  1806, 
 1807,  1798,  1793,  1790,  1785,  1776,  1777,  1294,  1293,  1330,  1329,  1406,  1401,  1392,  1393,  1809, 
 1808,  1817,  1822,  1761,  1766,  1775,  1774,  1297,  1302,  1321,  1326,  1377,  1382,  1391,  1390,  1810, 
 1811,  1818,  1821,  1762,  1765,  1772,  1773,  1298,  1301,  1322,  1325,  1378,  1381,  1388,  1389,  3858, 
 3859,  3866,  3869,  3810,  3813,  3820,  3821,  3346,  3349,  3370,  3373,  3426,  3429,  3436,  3437,  3861, 
 3860,  3867,  3868,  3811,  3812,  3819,  3818,  3347,  3348,  3371,  3372,  3427,  3428,  3435,  3434,  3882, 
 3883,  3876,  3875,  3804,  3803,  3796,  3797,  3354,  3355,  3364,  3365,  3420,  3419,  3412,  3413,  3885, 
 3884,  3877,  3874,  3805,  3802,  3795,  3794,  3357,  3356,  3363,  3362,  3421,  3418,  3411,  3410,  3938, 
 3939,  3932,  3933,  3746,  3747,  3740,  3741,  3298,  3299,  3292,  3293,  3234,  3237,  3244,  3245,  3941, 
 3940,  3931,  3930,  3749,  3748,  3739,  3738,  3301,  3300,  3291,  3290,  3235,  3236,  3243,  3242,  3948, 
 3947,  3924,  3923,  3756,  3755,  3732,  3731,  3308,  3307,  3284,  3283,  3228,  3227,  3220,  3221,  3949, 
 3946,  3925,  3922,  3757,  3754,  3733,  3730,  3309,  3306,  3285,  3282,  3229,  3226,  3219,  3218,  2048, 
 2049,  2078,  2077,  2530,  2529,  2558,  2559,  2560,  2563,  2620,  2623,  2624,  2631,  2632,  2633,  2055, 
 2054,  2073,  2074,  2533,  2534,  2553,  2552,  2567,  2564,  2619,  2616,  2627,  2628,  2635,  2634,  2056, 
 2063,  2064,  2067,  2540,  2543,  2544,  2551,  2568,  2571,  2612,  2615,  2684,  2683,  2676,  2677,  2057, 
 2062,  2065,  2066,  2541,  2542,  2545,  2550,  2569,  2570,  2613,  2614,  2687,  2680,  2679,  2678,  2294, 
 2295,  2296,  2303,  2304,  2311,  2312,  2313,  2806,  2805,  2762,  2761,  2688,  2695,  2696,  2697,  2289, 
 2288,  2297,  2302,  2305,  2310,  2319,  2318,  2801,  2802,  2765,  2766,  2689,  2694,  2703,  2702,  2286, 
 2287,  2278,  2273,  2334,  2329,  2320,  2321,  2798,  2793,  2774,  2769,  2718,  2713,  2704,  2705,  2285, 
 2284,  2277,  2274,  2333,  2330,  2323,  2322,  2797,  2794,  2773,  2770,  2717,  2714,  2707,  2706,  3857, 
 3856,  3865,  3870,  3809,  3814,  3823,  3822,  3345,  3350,  3369,  3374,  3425,  3430,  3439,  3438,  3862, 
 3863,  3864,  3871,  3808,  3815,  3816,  3817,  3344,  3351,  3368,  3375,  3424,  3431,  3432,  3433,  3881, 
 3880,  3879,  3872,  3807,  3800,  3799,  3798,  3353,  3352,  3367,  3366,  3423,  3416,  3415,  3414,  3886, 
 3887,  3878,  3873,  3806,  3801,  3792,  3793,  3358,  3359,  3360,  3361,  3422,  3417,  3408,  3409,  3937, 
 3936,  3935,  3934,  3745,  3744,  3743,  3742,  3297,  3296,  3295,  3294,  3233,  3238,  3247,  3246,  3942, 
 3943,  3928,  3929,  3750,  3751,  3736,  3737,  3302,  3303,  3288,  3289,  3232,  3239,  3240,  3241,  3951, 
 3944,  3927,  3920,  3759,  3752,  3735,  3728,  3311,  3304,  3287,  3280,  3231,  3224,  3223,  3222,  3950, 
 3945,  3926,  3921,  3758,  3753,  3734,  3729,  3310,  3305,  3286,  3281,  3230,  3225,  3216,  3217,  2051, 
 2050,  2079,  2076,  2531,  2528,  2557,  2556,  2561,  2562,  2621,  2622,  2625,  2630,  2639,  2638,  2052, 
 2053,  2072,  2075,  2532,  2535,  2554,  2555,  2566,  2565,  2618,  2617,  2626,  2629,  2636,  2637,  2059, 
 2060,  2071,  2068,  2539,  2536,  2547,  2548,  2575,  2572,  2611,  2608,  2685,  2682,  2675,  2674,  2058, 
 2061,  2070,  2069,  2538,  2537,  2546,  2549,  2574,  2573,  2610,  2609,  2686,  2681,  2672,  2673,  2293, 
 2292,  2299,  2300,  2307,  2308,  2315,  2314,  2807,  2804,  2763,  2760,  2691,  2692,  2699,  2698,  2290, 
 2291,  2298,  2301,  2306,  2309,  2316,  2317,  2800,  2803,  2764,  2767,  2690,  2693,  2700,  2701,  2281, 
 2280,  2279,  2272,  2335,  2328,  2327,  2326,  2799,  2792,  2775,  2768,  2719,  2712,  2711,  2710,  2282, 
 2283,  2276,  2275,  2332,  2331,  2324,  2325,  2796,  2795,  2772,  2771,  2716,  2715,  2708,  2709,  3854, 
 3855,  3846,  3841,  3838,  3833,  3824,  3825,  3342,  3341,  3378,  3377,  3454,  3449,  3440,  3441,  3853, 
 3852,  3845,  3842,  3837,  3834,  3827,  3826,  3343,  3340,  3379,  3376,  3453,  3450,  3443,  3442,  3890, 
 3891,  3898,  3901,  3778,  3781,  3788,  3789,  3334,  3333,  3386,  3385,  3394,  3397,  3404,  3405,  3889, 
 3888,  3897,  3902,  3777,  3782,  3791,  3790,  3329,  3330,  3389,  3390,  3393,  3398,  3407,  3406,  3966, 
 3965,  3906,  3905,  3774,  3773,  3714,  3713,  3326,  3325,  3266,  3265,  3262,  3257,  3248,  3249,  3961, 
 3962,  3909,  3910,  3769,  3770,  3717,  3718,  3321,  3322,  3269,  3270,  3261,  3258,  3251,  3250,  3952, 
 3955,  3916,  3919,  3760,  3763,  3724,  3727,  3312,  3315,  3276,  3279,  3202,  3205,  3212,  3213,  3953, 
 3954,  3917,  3918,  3761,  3762,  3725,  3726,  3313,  3314,  3277,  3278,  3201,  3206,  3215,  3214,  2108, 
 2109,  2080,  2083,  2524,  2527,  2498,  2499,  2590,  2591,  2592,  2593,  2654,  2649,  2640,  2641,  2107, 
 2106,  2087,  2084,  2523,  2520,  2501,  2500,  2585,  2584,  2599,  2598,  2655,  2648,  2647,  2646,  2100, 
 2099,  2088,  2091,  2516,  2519,  2508,  2507,  2576,  2583,  2600,  2607,  2656,  2663,  2664,  2665,  2101, 
 2098,  2089,  2090,  2517,  2518,  2509,  2506,  2577,  2582,  2601,  2606,  2657,  2662,  2671,  2670,  2250, 
 2251,  2244,  2243,  2364,  2363,  2356,  2357,  2808,  2811,  2756,  2759,  2748,  2747,  2740,  2741,  2253, 
 2252,  2245,  2242,  2365,  2362,  2355,  2354,  2809,  2810,  2757,  2758,  2749,  2746,  2739,  2738,  2262, 
 2263,  2264,  2271,  2336,  2343,  2344,  2345,  2790,  2791,  2776,  2777,  2720,  2727,  2728,  2729,  2261, 
 2260,  2267,  2268,  2339,  2340,  2347,  2346,  2789,  2788,  2779,  2778,  2723,  2724,  2731,  2730,  3849, 
 3848,  3847,  3840,  3839,  3832,  3831,  3830,  3337,  3338,  3381,  3382,  3455,  3448,  3447,  3446,  3850, 
 3851,  3844,  3843,  3836,  3835,  3828,  3829,  3336,  3339,  3380,  3383,  3452,  3451,  3444,  3445,  3893, 
 3892,  3899,  3900,  3779,  3780,  3787,  3786,  3335,  3332,  3387,  3384,  3395,  3396,  3403,  3402,  3894, 
 3895,  3896,  3903,  3776,  3783,  3784,  3785,  3328,  3331,  3388,  3391,  3392,  3399,  3400,  3401,  3967, 
 3964,  3907,  3904,  3775,  3772,  3715,  3712,  3327,  3324,  3267,  3264,  3263,  3256,  3255,  3254,  3960, 
 3963,  3908,  3911,  3768,  3771,  3716,  3719,  3320,  3323,  3268,  3271,  3260,  3259,  3252,  3253,  3959, 
 3956,  3915,  3912,  3767,  3764,  3723,  3720,  3319,  3316,  3275,  3272,  3203,  3204,  3211,  3210,  3958, 
 3957,  3914,  3913,  3766,  3765,  3722,  3721,  3318,  3317,  3274,  3273,  3200,  3207,  3208,  3209,  2111, 
 2110,  2081,  2082,  2525,  2526,  2497,  2496,  2589,  2588,  2595,  2594,  2653,  2650,  2643,  2642,  2104, 
 2105,  2086,  2085,  2522,  2521,  2502,  2503,  2586,  2587,  2596,  2597,  2652,  2651,  2644,  2645,  2103, 
 2096,  2095,  2092,  2515,  2512,  2511,  2504,  2579,  2580,  2603,  2604,  2659,  2660,  2667,  2666,  2102, 
 2097,  2094,  2093,  2514,  2513,  2510,  2505,  2578,  2581,  2602,  2605,  2658,  2661,  2668,  2669,  2249, 
 2248,  2247,  2240,  2367,  2360,  2359,  2358,  2815,  2812,  2755,  2752,  2751,  2744,  2743,  2742,  2254, 
 2255,  2246,  2241,  2366,  2361,  2352,  2353,  2814,  2813,  2754,  2753,  2750,  2745,  2736,  2737,  2257, 
 2256,  2265,  2270,  2337,  2342,  2351,  2350,  2785,  2784,  2783,  2782,  2721,  2726,  2735,  2734,  2258, 
 2259,  2266,  2269,  2338,  2341,  2348,  2349,  2786,  2787,  2780,  2781,  2722,  2725,  2732,  2733,  4086, 
 4081,  4078,  4077,  3602,  3601,  3598,  3593,  3574,  3573,  3530,  3529,  3456,  3463,  3464,  3465,  4085, 
 4082,  4073,  4074,  3605,  3606,  3597,  3594,  3569,  3570,  3533,  3534,  3457,  3462,  3471,  3470,  4042, 
 4045,  4054,  4053,  3626,  3625,  3634,  3637,  3566,  3561,  3542,  3537,  3486,  3481,  3472,  3473,  4041, 
 4046,  4049,  4050,  3629,  3630,  3633,  3638,  3565,  3562,  3541,  3538,  3485,  3482,  3475,  3474,  3968, 
 3969,  3998,  3997,  3682,  3681,  3710,  3711,  3090,  3093,  3114,  3117,  3170,  3173,  3180,  3181,  3975, 
 3974,  3993,  3994,  3685,  3686,  3705,  3704,  3089,  3094,  3113,  3118,  3169,  3174,  3183,  3182,  3976, 
 3983,  3984,  3987,  3692,  3695,  3696,  3703,  3086,  3085,  3122,  3121,  3198,  3193,  3184,  3185,  3977, 
 3982,  3985,  3986,  3693,  3694,  3697,  3702,  3081,  3082,  3125,  3126,  3199,  3192,  3191,  3190,  2112, 
 2113,  2142,  2141,  2466,  2465,  2494,  2495,  3042,  3043,  3036,  3037,  2978,  2981,  2988,  2989,  2115, 
 2114,  2143,  2140,  2467,  2464,  2493,  2492,  3045,  3044,  3035,  3034,  2979,  2980,  2987,  2986,  2172, 
 2173,  2144,  2147,  2460,  2463,  2434,  2435,  3052,  3051,  3028,  3027,  2972,  2971,  2964,  2965,  2175, 
 2174,  2145,  2146,  2461,  2462,  2433,  2432,  3053,  3050,  3029,  3026,  2973,  2970,  2963,  2962,  2176, 
 2179,  2236,  2239,  2368,  2371,  2428,  2431,  2816,  2819,  2876,  2879,  2880,  2887,  2888,  2889,  2177, 
 2178,  2237,  2238,  2369,  2370,  2429,  2430,  2817,  2818,  2877,  2878,  2881,  2886,  2895,  2894,  2206, 
 2207,  2208,  2209,  2398,  2399,  2400,  2401,  2846,  2847,  2848,  2849,  2910,  2905,  2896,  2897,  2205, 
 2204,  2211,  2210,  2397,  2396,  2403,  2402,  2845,  2844,  2851,  2850,  2909,  2906,  2899,  2898,  4087, 
 4080,  4079,  4076,  3603,  3600,  3599,  3592,  3575,  3572,  3531,  3528,  3459,  3460,  3467,  3466,  4084, 
 4083,  4072,  4075,  3604,  3607,  3596,  3595,  3568,  3571,  3532,  3535,  3458,  3461,  3468,  3469,  4043, 
 4044,  4055,  4052,  3627,  3624,  3635,  3636,  3567,  3560,  3543,  3536,  3487,  3480,  3479,  3478,  4040, 
 4047,  4048,  4051,  3628,  3631,  3632,  3639,  3564,  3563,  3540,  3539,  3484,  3483,  3476,  3477,  3971, 
 3970,  3999,  3996,  3683,  3680,  3709,  3708,  3091,  3092,  3115,  3116,  3171,  3172,  3179,  3178,  3972, 
 3973,  3992,  3995,  3684,  3687,  3706,  3707,  3088,  3095,  3112,  3119,  3168,  3175,  3176,  3177,  3979, 
 3980,  3991,  3988,  3691,  3688,  3699,  3700,  3087,  3084,  3123,  3120,  3197,  3194,  3187,  3186,  3978, 
 3981,  3990,  3989,  3690,  3689,  3698,  3701,  3080,  3083,  3124,  3127,  3196,  3195,  3188,  3189,  2119, 
 2118,  2137,  2138,  2469,  2470,  2489,  2488,  3041,  3040,  3039,  3038,  2977,  2982,  2991,  2990,  2116, 
 2117,  2136,  2139,  2468,  2471,  2490,  2491,  3046,  3047,  3032,  3033,  2976,  2983,  2984,  2985,  2171, 
 2170,  2151,  2148,  2459,  2456,  2437,  2436,  3055,  3048,  3031,  3024,  2975,  2968,  2967,  2966,  2168, 
 2169,  2150,  2149,  2458,  2457,  2438,  2439,  3054,  3049,  3030,  3025,  2974,  2969,  2960,  2961,  2183, 
 2180,  2235,  2232,  2375,  2372,  2427,  2424,  2823,  2820,  2875,  2872,  2883,  2884,  2891,  2890,  2182, 
 2181,  2234,  2233,  2374,  2373,  2426,  2425,  2822,  2821,  2874,  2873,  2882,  2885,  2892,  2893,  2201, 
 2200,  2215,  2214,  2393,  2392,  2407,  2406,  2841,  2840,  2855,  2854,  2911,  2904,  2903,  2902,  2202, 
 2203,  2212,  2213,  2394,  2395,  2404,  2405,  2842,  2843,  2852,  2853,  2908,  2907,  2900,  2901,  4088, 
 4089,  4070,  4069,  3610,  3609,  3590,  3591,  3576,  3579,  3524,  3527,  3516,  3515,  3508,  3509,  4091, 
 4090,  4071,  4068,  3611,  3608,  3589,  3588,  3577,  3578,  3525,  3526,  3517,  3514,  3507,  3506,  4036, 
 4037,  4056,  4059,  3620,  3623,  3642,  3643,  3558,  3559,  3544,  3545,  3488,  3495,  3496,  3497,  4039, 
 4038,  4057,  4058,  3621,  3622,  3641,  3640,  3557,  3556,  3547,  3546,  3491,  3492,  3499,  3498,  4028, 
 4029,  4000,  4003,  3676,  3679,  3650,  3651,  3098,  3099,  3108,  3109,  3164,  3163,  3156,  3157,  4027, 
 4026,  4007,  4004,  3675,  3672,  3653,  3652,  3097,  3096,  3111,  3110,  3167,  3160,  3159,  3158,  4020, 
 4019,  4008,  4011,  3668,  3671,  3660,  3659,  3078,  3077,  3130,  3129,  3138,  3141,  3148,  3149,  4021, 
 4018,  4009,  4010,  3669,  3670,  3661,  3658,  3079,  3076,  3131,  3128,  3139,  3140,  3147,  3146,  2120, 
 2127,  2128,  2131,  2476,  2479,  2480,  2487,  3070,  3069,  3010,  3009,  3006,  3001,  2992,  2993,  2123, 
 2124,  2135,  2132,  2475,  2472,  2483,  2484,  3065,  3066,  3013,  3014,  3005,  3002,  2995,  2994,  2164, 
 2163,  2152,  2155,  2452,  2455,  2444,  2443,  3056,  3059,  3020,  3023,  2946,  2949,  2956,  2957,  2167, 
 2160,  2159,  2156,  2451,  2448,  2447,  2440,  3057,  3058,  3021,  3022,  2945,  2950,  2959,  2958,  2184, 
 2187,  2228,  2231,  2376,  2379,  2420,  2423,  2824,  2827,  2868,  2871,  2940,  2939,  2932,  2933,  2191, 
 2188,  2227,  2224,  2383,  2380,  2419,  2416,  2831,  2828,  2867,  2864,  2941,  2938,  2931,  2930,  2192, 
 2199,  2216,  2223,  2384,  2391,  2408,  2415,  2832,  2839,  2856,  2863,  2912,  2919,  2920,  2921,  2195, 
 2196,  2219,  2220,  2387,  2388,  2411,  2412,  2835,  2836,  2859,  2860,  2915,  2916,  2923,  2922,  4095, 
 4094,  4065,  4066,  3613,  3614,  3585,  3584,  3583,  3580,  3523,  3520,  3519,  3512,  3511,  3510,  4092, 
 4093,  4064,  4067,  3612,  3615,  3586,  3587,  3582,  3581,  3522,  3521,  3518,  3513,  3504,  3505,  4035, 
 4034,  4063,  4060,  3619,  3616,  3645,  3644,  3553,  3552,  3551,  3550,  3489,  3494,  3503,  3502,  4032, 
 4033,  4062,  4061,  3618,  3617,  3646,  3647,  3554,  3555,  3548,  3549,  3490,  3493,  3500,  3501,  4031, 
 4030,  4001,  4002,  3677,  3678,  3649,  3648,  3101,  3100,  3107,  3106,  3165,  3162,  3155,  3154,  4024, 
 4025,  4006,  4005,  3674,  3673,  3654,  3655,  3102,  3103,  3104,  3105,  3166,  3161,  3152,  3153,  4023, 
 4016,  4015,  4012,  3667,  3664,  3663,  3656,  3073,  3074,  3133,  3134,  3137,  3142,  3151,  3150,  4022, 
 4017,  4014,  4013,  3666,  3665,  3662,  3657,  3072,  3075,  3132,  3135,  3136,  3143,  3144,  3145,  2121, 
 2126,  2129,  2130,  2477,  2478,  2481,  2486,  3071,  3068,  3011,  3008,  3007,  3000,  2999,  2998,  2122, 
 2125,  2134,  2133,  2474,  2473,  2482,  2485,  3064,  3067,  3012,  3015,  3004,  3003,  2996,  2997,  2165, 
 2162,  2153,  2154,  2453,  2454,  2445,  2442,  3063,  3060,  3019,  3016,  2947,  2948,  2955,  2954,  2166, 
 2161,  2158,  2157,  2450,  2449,  2446,  2441,  3062,  3061,  3018,  3017,  2944,  2951,  2952,  2953,  2185, 
 2186,  2229,  2230,  2377,  2378,  2421,  2422,  2825,  2826,  2869,  2870,  2943,  2936,  2935,  2934,  2190, 
 2189,  2226,  2225,  2382,  2381,  2418,  2417,  2830,  2829,  2866,  2865,  2942,  2937,  2928,  2929,  2193, 
 2198,  2217,  2222,  2385,  2390,  2409,  2414,  2833,  2838,  2857,  2862,  2913,  2918,  2927,  2926,  2194, 
 2197,  2218,  2221,  2386,  2389,  2410,  2413,  2834,  2837,  2858,  2861,  2914,  2917,  2924,  2925,  };
	} 
}